Best values using 50000 FEs, pop size = 50, D = 20 over 50 runs
2.79537225e+04
5.42741080e+03
4.36342918e+04
7.55285507e+03
1.83573210e+04
3.63431696e+04
1.33574008e+04
2.32373265e+04
3.56777093e+04
3.89854594e+04
1.69565661e+04
2.39104905e+04
2.16020309e+04
6.65724488e+03
4.99698174e+04
4.73417046e+04
2.25182505e+04
1.26979795e+04
6.12621934e+03
2.34046757e+04
1.87819521e+04
5.01335289e+04
4.53094663e+03
4.90290363e+04
2.48086312e+04
3.37469147e+04
1.78327945e+04
3.20927880e+04
5.01909860e+04
8.28711664e+03
5.93791200e+04
6.24520471e+04
3.63782707e+04
3.75307031e+04
2.36528725e+04
1.32556954e+04
2.83632475e+04
1.64230984e+04
5.44776279e+04
1.47659667e+04
2.32276360e+04
1.02106048e+05
5.17135289e+04
8.29066800e+03
4.58626025e+04
1.87412179e+04
1.89002365e+04
3.27028686e+04
5.73373823e+04
1.60607694e+04
