Best values using 50000 FEs, pop size = 50, D = 20 over 50 runs
1.67659637e+03
1.67659637e+03
1.67659637e+03
1.67659637e+03
1.67659637e+03
1.67659637e+03
1.67659637e+03
1.67659637e+03
1.67659637e+03
1.67659637e+03
1.67659637e+03
1.67659637e+03
1.67659637e+03
1.67659637e+03
1.67659637e+03
1.67659637e+03
1.67659637e+03
1.67659637e+03
1.67659637e+03
1.67659637e+03
1.67659637e+03
1.67659637e+03
1.67659637e+03
1.67659637e+03
1.67659637e+03
1.67659637e+03
1.67659637e+03
1.67659637e+03
1.67659637e+03
1.67659637e+03
1.67659637e+03
1.67659637e+03
1.67659637e+03
1.67659637e+03
1.67659637e+03
1.67659637e+03
1.67659637e+03
1.67659637e+03
1.67659637e+03
1.67659637e+03
1.67659637e+03
1.67659637e+03
1.67659637e+03
1.67659637e+03
1.67659637e+03
1.67659637e+03
1.67659637e+03
1.67659637e+03
1.67659637e+03
1.67659637e+03
