Best values using 50000 FEs, pop size = 50, D = 20 over 50 runs
2.83673441e+03
2.85422144e+03
2.83501661e+03
2.85515864e+03
2.84862071e+03
2.85077834e+03
2.88849685e+03
2.84660911e+03
2.85432568e+03
2.84778426e+03
2.87396112e+03
2.88122987e+03
2.86752238e+03
2.88018051e+03
2.82226955e+03
2.84089930e+03
2.85041146e+03
2.85245784e+03
2.84967652e+03
2.85215981e+03
2.84852942e+03
2.88526883e+03
2.85314448e+03
2.85429051e+03
2.86687959e+03
2.84876226e+03
2.90735524e+03
2.84788172e+03
2.84882353e+03
2.86340247e+03
2.86788438e+03
2.83723582e+03
2.84137203e+03
2.87644576e+03
2.84369079e+03
2.87814342e+03
2.84375055e+03
2.89082550e+03
2.83908203e+03
2.86966399e+03
2.84357887e+03
2.82703372e+03
2.84242740e+03
2.83720975e+03
2.84463309e+03
2.82608898e+03
2.83789294e+03
2.84095368e+03
2.85067438e+03
2.87692364e+03
