Best values using 50000 FEs, pop size = 50, D = 20 over 50 runs
2.30122693e+03
2.30132823e+03
2.30001846e+03
2.30040277e+03
2.30133260e+03
2.30000369e+03
2.30001645e+03
2.30282736e+03
2.30000449e+03
2.30001374e+03
2.30002020e+03
2.30120786e+03
2.30000135e+03
2.30001532e+03
2.30000780e+03
2.30004818e+03
2.30001435e+03
2.30187647e+03
2.30001955e+03
2.30225581e+03
2.30157156e+03
2.30120822e+03
2.30000425e+03
2.30189903e+03
2.30002028e+03
2.30000457e+03
2.30001511e+03
2.30001651e+03
2.30000370e+03
2.30000180e+03
2.30178373e+03
2.30000467e+03
2.30000214e+03
2.30138872e+03
2.30000131e+03
2.30000307e+03
2.30138768e+03
2.30133457e+03
2.30113250e+03
2.30178469e+03
2.30133656e+03
2.30000460e+03
2.30000079e+03
2.30151647e+03
2.30115071e+03
2.30004105e+03
2.30000846e+03
2.30211695e+03
2.30000219e+03
2.30116434e+03
