Best values using 50000 FEs, pop size = 50, D = 20 over 50 runs
8.19916683e+02
8.37429348e+02
8.09206451e+02
7.85174991e+02
7.80657975e+02
7.70348812e+02
8.03247534e+02
7.88471843e+02
8.22181863e+02
7.86852748e+02
8.14649956e+02
8.10550819e+02
8.11481455e+02
7.96182539e+02
8.10646621e+02
8.04420195e+02
8.08288992e+02
7.98360517e+02
8.04249825e+02
7.94611767e+02
8.06434426e+02
8.40458880e+02
7.76366694e+02
7.90193209e+02
8.02502716e+02
7.60798210e+02
7.83315022e+02
7.96508192e+02
7.98029820e+02
8.41142653e+02
7.89093126e+02
8.13911460e+02
7.83878029e+02
7.85856695e+02
8.18403344e+02
7.89092883e+02
8.25306210e+02
7.95449946e+02
8.02452935e+02
7.86359610e+02
8.09179785e+02
7.84654780e+02
8.32276438e+02
8.02251382e+02
8.05958059e+02
7.98208027e+02
8.13826878e+02
8.64479095e+02
7.86105188e+02
7.89578888e+02
