Best values using 50000 FEs, pop size = 50, D = 20 over 50 runs
1.90730429e+03
1.90813989e+03
1.90885293e+03
1.90947395e+03
1.90575376e+03
1.91303427e+03
1.91177190e+03
1.90938883e+03
1.92057164e+03
1.90416674e+03
1.90623665e+03
1.92431077e+03
1.90915973e+03
1.91013692e+03
1.90491427e+03
1.90399608e+03
1.90546910e+03
1.90900804e+03
1.90988697e+03
1.90598842e+03
1.91280157e+03
1.91594702e+03
1.91165879e+03
1.91903393e+03
1.91298447e+03
1.90864048e+03
1.91364810e+03
1.91299585e+03
1.91744683e+03
1.90956928e+03
1.91402399e+03
1.91430794e+03
1.91640902e+03
1.90834461e+03
1.90919294e+03
1.90738176e+03
1.90867885e+03
1.91972208e+03
1.90676899e+03
1.90647662e+03
1.91008383e+03
1.90635740e+03
1.90819824e+03
1.90835838e+03
1.91589228e+03
1.90677369e+03
1.90310327e+03
1.90871997e+03
1.91334079e+03
1.90607296e+03
