Best values using 50000 FEs, pop size = 50, D = 20 over 50 runs
1.14586678e+05
4.30772228e+04
8.35767814e+04
6.48561223e+04
8.92130047e+04
1.27817319e+05
9.60265489e+04
9.71299550e+04
1.25079616e+05
1.39491055e+05
4.39057107e+04
8.95832081e+04
7.07431717e+04
1.06214024e+05
7.28831977e+04
7.20179443e+04
1.40189560e+05
1.16216695e+05
9.68775808e+04
1.12176867e+05
1.59823768e+05
9.44273237e+04
7.33493792e+04
8.62461660e+04
7.29332763e+04
1.78752343e+05
1.24614179e+05
9.89711615e+04
1.15560905e+05
8.89677887e+04
9.94853379e+04
7.46229578e+04
1.87308278e+05
7.12498842e+04
2.11107738e+05
1.05299830e+05
5.63912353e+04
6.84595860e+04
3.51508630e+04
3.75033376e+04
1.16688351e+05
1.37629732e+05
5.20679666e+04
6.35215960e+04
1.61166727e+05
1.00782974e+05
6.29773377e+04
7.57655484e+04
8.84559087e+04
8.16874726e+04
