Best values using 50000 FEs, pop size = 50, D = 20 over 50 runs
3.23539313e+03
3.34584735e+03
2.35362012e+03
2.11042237e+03
1.85185049e+03
1.80900179e+03
2.07399728e+03
2.76202994e+03
1.98966530e+03
2.80287155e+03
2.64032394e+03
3.05913264e+03
1.77507195e+03
2.02171080e+03
3.02861914e+03
3.34548823e+03
3.41506165e+03
2.54879328e+03
2.78486737e+03
2.13740293e+03
1.84321342e+03
1.74623568e+03
2.41482883e+03
1.90439214e+03
2.07128434e+03
3.54579026e+03
2.52704087e+03
1.93817044e+03
2.95804606e+03
2.29480446e+03
3.42058921e+03
2.74027336e+03
1.88682229e+03
2.78840365e+03
1.82347459e+03
1.97679250e+03
1.34899671e+03
1.53111910e+03
3.05769283e+03
2.85911790e+03
3.19397459e+03
3.33377721e+03
2.26426419e+03
2.75364371e+03
2.30316339e+03
2.43774070e+03
1.89998508e+03
2.22252332e+03
1.96374772e+03
2.01071439e+03
