Best values using 50000 FEs, pop size = 50, D = 20 over 50 runs
8.63623840e+02
1.87822789e+02
1.00458127e+02
9.24815629e+02
4.84179465e+02
2.10964193e+03
3.21022370e+02
7.44629950e+02
1.04263463e+02
2.90584864e+02
1.01225690e+02
6.17620212e+02
2.07494550e+02
8.25832217e+02
1.55786255e+03
2.02584817e+03
1.10225972e+03
4.32493497e+02
1.57628129e+03
3.04768369e+02
5.81651283e+02
6.28795862e+03
1.36596483e+03
2.18674958e+02
1.13866966e+02
6.99670872e+02
4.02942489e+02
2.59426389e+02
1.15930523e+02
3.99884020e+02
1.00628391e+02
1.30010346e+03
1.00962756e+02
6.87893064e+02
6.34626687e+02
4.69245735e+03
1.73422223e+03
8.49379864e+02
3.24277043e+02
2.91005467e+02
1.87418825e+03
8.25673966e+02
8.75883738e+02
5.24250322e+02
4.40513238e+02
5.65873357e+03
8.65161685e+03
4.43552945e+03
2.62846514e+02
3.30858352e+02
