Best values using 50000 FEs, pop size = 50, D = 20 over 50 runs
2.95413206e+03
2.96177653e+03
2.99143993e+03
2.96533186e+03
2.96850188e+03
2.95489593e+03
2.99544476e+03
2.96821990e+03
3.00511253e+03
2.97436515e+03
2.98274558e+03
2.96419419e+03
2.99553249e+03
2.99942813e+03
2.99809360e+03
2.99742432e+03
2.96385639e+03
2.99809525e+03
3.00582863e+03
3.02183850e+03
3.00775771e+03
2.94881468e+03
2.99893167e+03
2.96629088e+03
2.91337326e+03
3.00215331e+03
3.00827187e+03
2.94905131e+03
3.00115011e+03
3.00399864e+03
3.00065558e+03
3.00177516e+03
3.00632231e+03
3.00466356e+03
2.96812001e+03
3.00107585e+03
2.91488999e+03
3.00017182e+03
3.00118493e+03
3.02087429e+03
2.98779567e+03
2.99949754e+03
2.99733544e+03
3.00224352e+03
2.98747876e+03
2.96716274e+03
2.99744290e+03
2.97943617e+03
2.96707001e+03
2.96734945e+03
