Best values using 50000 FEs, pop size = 100, D = 20 over 50 runs
2.25496562e+03
2.31973929e+03
2.38986791e+03
2.15163120e+03
2.21274980e+03
2.33896355e+03
2.18816938e+03
2.12706794e+03
2.43690384e+03
2.20932119e+03
2.39748820e+03
2.25388161e+03
2.23727219e+03
2.22402706e+03
2.31331408e+03
2.32141745e+03
2.16810475e+03
2.54421984e+03
2.13721506e+03
2.37344361e+03
2.18386642e+03
2.56492735e+03
2.27516269e+03
2.35725876e+03
2.21552460e+03
2.22174839e+03
2.25340645e+03
2.14641400e+03
2.39920946e+03
2.21548311e+03
2.21516949e+03
2.17822635e+03
2.24856424e+03
2.29761609e+03
2.39103471e+03
2.16327196e+03
2.30803423e+03
2.28214866e+03
2.34510935e+03
2.38195702e+03
2.43732075e+03
2.39941399e+03
2.33434809e+03
2.13590226e+03
2.21991247e+03
2.30072156e+03
2.36481419e+03
2.17249431e+03
2.19341521e+03
2.31693630e+03
