Best values using 50000 FEs, pop size = 100, D = 20 over 50 runs
1.60536388e+03
1.63486400e+03
1.52138210e+03
1.44819349e+03
1.75207171e+03
1.63532291e+03
1.50108444e+03
1.71207788e+03
1.67349591e+03
1.83061839e+03
1.58326473e+03
1.71022821e+03
1.70844417e+03
1.78564463e+03
1.54072849e+03
1.85716026e+03
1.40002439e+03
1.61947526e+03
1.65544762e+03
1.44359351e+03
1.85250578e+03
1.72352176e+03
1.44439783e+03
1.53688556e+03
1.62813485e+03
1.46951291e+03
1.62809930e+03
1.82928998e+03
1.75132920e+03
1.49073426e+03
1.79656375e+03
1.47317018e+03
1.26059105e+03
1.77473612e+03
1.86256812e+03
1.85595612e+03
1.31336062e+03
1.62409824e+03
1.79971215e+03
1.64733417e+03
1.77448736e+03
1.67342726e+03
1.35852586e+03
1.59399742e+03
1.53069992e+03
1.73369549e+03
1.83415673e+03
1.44960849e+03
1.83999182e+03
1.62068125e+03
