Best values using 50000 FEs, pop size = 100, D = 20 over 50 runs
2.82992909e+03
2.82671237e+03
2.83882213e+03
2.82590258e+03
2.83142458e+03
2.83698478e+03
2.83860289e+03
2.83343142e+03
2.82221372e+03
2.82217661e+03
2.83104228e+03
2.83722924e+03
2.83161294e+03
2.83424079e+03
2.82804958e+03
2.83346685e+03
2.82831089e+03
2.81924882e+03
2.83927550e+03
2.82436619e+03
2.83426511e+03
2.83101148e+03
2.83618044e+03
2.82662501e+03
2.83207178e+03
2.82917099e+03
2.82859947e+03
2.83562443e+03
2.83683812e+03
2.82863381e+03
2.82102018e+03
2.82126337e+03
2.82876998e+03
2.82517982e+03
2.83107317e+03
2.82932144e+03
2.81631126e+03
2.82881164e+03
2.83463284e+03
2.83139835e+03
2.82603755e+03
2.83694024e+03
2.83161100e+03
2.82136267e+03
2.82795866e+03
2.83598547e+03
2.82284612e+03
2.83186250e+03
2.82036253e+03
2.82965261e+03
