Best values using 50000 FEs, pop size = 100, D = 20 over 50 runs
2.01879679e+03
1.85095959e+03
1.99058276e+03
1.95820542e+03
1.85552262e+03
2.32136596e+03
2.06145832e+03
1.92156474e+03
1.92687491e+03
1.86392792e+03
2.19883971e+03
1.99020232e+03
2.02515170e+03
1.85860797e+03
1.95583585e+03
1.90612504e+03
1.85320829e+03
1.88094018e+03
2.00012172e+03
2.05293274e+03
1.89491831e+03
2.00052601e+03
2.05262627e+03
2.14025716e+03
1.98762055e+03
1.87168851e+03
1.99169208e+03
1.91288746e+03
2.05226710e+03
1.88299138e+03
1.73748242e+03
1.92852031e+03
1.75970954e+03
1.75776691e+03
2.02152239e+03
1.85860968e+03
1.78815040e+03
2.13933382e+03
2.04517669e+03
1.98147581e+03
2.16403061e+03
2.01080016e+03
1.87962819e+03
1.89044847e+03
2.08577671e+03
1.99619227e+03
1.98229495e+03
1.80519838e+03
1.96285048e+03
1.99196068e+03
