Best values using 50000 FEs, pop size = 100, D = 20 over 50 runs
1.90292234e+03
1.90353783e+03
1.90327243e+03
1.90202201e+03
1.90276359e+03
1.90316437e+03
1.90234583e+03
1.90209500e+03
1.90296819e+03
1.90335953e+03
1.90355248e+03
1.90250070e+03
1.90256668e+03
1.90393539e+03
1.90343515e+03
1.90310667e+03
1.90380884e+03
1.90291797e+03
1.90363936e+03
1.90248333e+03
1.90330026e+03
1.90315714e+03
1.90304534e+03
1.90322036e+03
1.90245643e+03
1.90243531e+03
1.90250992e+03
1.90260338e+03
1.90299427e+03
1.90274009e+03
1.90380813e+03
1.90468808e+03
1.90245730e+03
1.90336249e+03
1.90256041e+03
1.90244238e+03
1.90455988e+03
1.90201153e+03
1.90369895e+03
1.90264693e+03
1.90269915e+03
1.90301928e+03
1.90221729e+03
1.90454118e+03
1.90366771e+03
1.90272156e+03
1.90317788e+03
1.90257481e+03
1.90300441e+03
1.90327327e+03
