Best values using 50000 FEs, pop size = 100, D = 20 over 50 runs
2.30000000e+03
2.30000000e+03
2.30000000e+03
2.30000000e+03
2.30000000e+03
2.30000000e+03
2.30000000e+03
2.30000000e+03
2.30000000e+03
2.30000000e+03
2.30000000e+03
2.30000000e+03
2.30000000e+03
2.30000000e+03
2.30000000e+03
2.30000000e+03
2.30000000e+03
2.30000000e+03
2.30000000e+03
2.30000000e+03
2.30000000e+03
2.30000000e+03
2.30000000e+03
2.30000000e+03
2.30000000e+03
2.30000000e+03
2.30000000e+03
2.30000000e+03
2.30000000e+03
2.30000000e+03
2.30000000e+03
2.30000000e+03
2.30000000e+03
2.30000000e+03
2.30000000e+03
2.30000000e+03
2.30000000e+03
2.30000000e+03
2.30000000e+03
2.30000000e+03
2.30000000e+03
2.30000000e+03
2.30000000e+03
2.30000000e+03
2.30000000e+03
2.30000000e+03
2.30000000e+03
2.30000000e+03
2.30000000e+03
2.30000000e+03
