Best values using 50000 FEs, pop size = 100, D = 20 over 50 runs
2.91368173e+03
2.91369044e+03
2.91367187e+03
2.91379591e+03
2.91367365e+03
2.91365844e+03
2.91365734e+03
2.91365844e+03
2.91372468e+03
2.91365844e+03
2.91367556e+03
2.91367775e+03
2.91367365e+03
2.91367556e+03
2.91377595e+03
2.91379519e+03
2.91367556e+03
2.91367230e+03
2.91374796e+03
2.91367187e+03
2.91370020e+03
2.91365734e+03
2.91367435e+03
2.91369335e+03
2.91367365e+03
2.91365844e+03
2.91372711e+03
2.91367230e+03
2.91367840e+03
2.91367230e+03
2.91365844e+03
2.91367556e+03
2.91365844e+03
2.91365734e+03
2.91379160e+03
2.91006778e+03
2.91367435e+03
2.91366939e+03
2.91367230e+03
2.91367435e+03
2.91365734e+03
2.91369181e+03
2.91365734e+03
2.91365734e+03
2.91365734e+03
2.91367230e+03
2.91369520e+03
2.91367849e+03
2.91367187e+03
2.91365844e+03
