Best values using 50000 FEs, pop size = 100, D = 20 over 50 runs
7.33592699e+02
7.43805137e+02
7.41778077e+02
7.35315640e+02
7.42984848e+02
7.42419423e+02
7.37906853e+02
7.44067034e+02
7.43645870e+02
7.38302705e+02
7.40444473e+02
7.41708906e+02
7.51764277e+02
7.39353580e+02
7.40261883e+02
7.35564173e+02
7.41717240e+02
7.40743391e+02
7.45632678e+02
7.44700248e+02
7.54019339e+02
7.46474414e+02
7.49235290e+02
7.46669133e+02
7.37757716e+02
7.37459907e+02
7.44578541e+02
7.43622691e+02
7.44819231e+02
7.48811499e+02
7.42671472e+02
7.36638928e+02
7.41116055e+02
7.39794369e+02
7.43298314e+02
7.39693065e+02
7.44139284e+02
7.35137752e+02
7.39635082e+02
7.42270968e+02
7.39795957e+02
7.42099996e+02
7.41328003e+02
7.44991346e+02
7.37162725e+02
7.39095159e+02
7.35136795e+02
7.44302918e+02
7.44054657e+02
7.43514818e+02
