Best values using 50000 FEs, pop size = 30, D = 20 over 50 runs
2.30120410e+03
2.30000001e+03
2.30155902e+03
2.30000000e+03
2.30000001e+03
2.30243528e+03
2.30000001e+03
2.30120139e+03
2.30112581e+03
7.07070511e+03
2.30000000e+03
2.30156045e+03
2.30325621e+03
2.30112582e+03
2.30112446e+03
2.30000001e+03
2.30000009e+03
2.30112581e+03
2.30147807e+03
2.30000000e+03
2.30237759e+03
2.30134923e+03
2.30117236e+03
2.30151041e+03
2.30112446e+03
2.30000004e+03
4.65554578e+03
2.30000002e+03
2.30204790e+03
2.30120648e+03
2.30217774e+03
4.41104681e+03
2.30000000e+03
2.30000000e+03
2.30117235e+03
2.30000000e+03
2.30000000e+03
2.30000000e+03
2.30000000e+03
2.30000001e+03
2.30000008e+03
2.30112446e+03
2.30117079e+03
4.90253769e+03
2.30132350e+03
4.67931560e+03
2.30187109e+03
4.26838227e+03
2.30179792e+03
2.30394355e+03
