Best values using 50000 FEs, pop size = 30, D = 20 over 50 runs
2.87967118e+03
3.13473837e+03
2.91323628e+03
2.89346586e+03
2.84026564e+03
2.86858370e+03
2.92540979e+03
3.09131364e+03
2.94827556e+03
2.85665215e+03
2.89621579e+03
3.03557844e+03
3.03744670e+03
2.87296021e+03
3.12921858e+03
3.05413508e+03
2.85252178e+03
2.95335704e+03
3.02996531e+03
2.86483354e+03
2.92345084e+03
2.91052181e+03
3.13478414e+03
2.90179532e+03
2.98554029e+03
2.93893657e+03
2.89340350e+03
3.09650093e+03
2.87065934e+03
2.89388734e+03
2.84245178e+03
2.91882061e+03
2.84568508e+03
2.90111309e+03
2.86299080e+03
2.92333141e+03
2.88863458e+03
2.83961208e+03
3.18045790e+03
2.88446854e+03
3.01152013e+03
3.02250647e+03
2.88083820e+03
3.00611502e+03
2.86490963e+03
2.95210387e+03
2.87163165e+03
2.83706545e+03
2.96989090e+03
3.25392141e+03
