Best values using 50000 FEs, pop size = 30, D = 20 over 50 runs
1.81132960e+04
3.14557232e+04
1.21290289e+04
2.32305405e+04
6.19587829e+03
1.32404730e+04
7.28031343e+03
6.79345960e+03
1.06388231e+04
1.58171307e+04
1.98236911e+04
4.13843539e+03
1.21892133e+04
1.84929054e+04
2.12894504e+04
7.40549471e+03
1.21091131e+04
2.83297749e+04
2.74466441e+04
1.73530473e+04
1.12964397e+04
6.42273449e+04
6.18948871e+04
4.42731723e+03
2.89934175e+04
3.27679424e+04
3.68549936e+03
6.55925086e+03
1.79637488e+04
1.14030454e+04
2.60366072e+04
1.91406837e+04
4.53580600e+04
1.37091656e+04
1.11413163e+04
2.31863657e+04
1.06076587e+06
3.59416155e+04
7.29000837e+03
2.14543847e+04
2.25677624e+04
5.63858031e+03
1.89160693e+04
3.88503012e+04
3.16373190e+04
1.72489946e+04
2.78435548e+04
1.60884898e+04
3.61541535e+04
2.78589200e+04
