Best values using 50000 FEs, pop size = 30, D = 20 over 50 runs
1.80366754e+03
1.80366754e+03
1.80366754e+03
1.80366754e+03
1.80366754e+03
1.80366754e+03
1.80366754e+03
1.80366754e+03
1.80366754e+03
1.80366754e+03
1.80366754e+03
1.80366754e+03
1.80366754e+03
1.80366754e+03
1.80366754e+03
1.80366754e+03
1.80366754e+03
1.80366754e+03
1.80366754e+03
1.80366754e+03
1.80366754e+03
1.80366754e+03
1.80366754e+03
1.80366754e+03
1.80366754e+03
1.80366754e+03
1.80366754e+03
1.80366754e+03
1.80366754e+03
1.80366754e+03
1.80366754e+03
1.80366754e+03
1.80366754e+03
1.80366754e+03
1.80366754e+03
1.80366754e+03
1.80366754e+03
1.80366754e+03
1.80366754e+03
1.80366754e+03
1.80366754e+03
1.80366754e+03
1.80366754e+03
1.80366754e+03
1.80366754e+03
1.80366754e+03
1.80366754e+03
1.80366754e+03
1.80366754e+03
1.80366754e+03
