Best values using 50000 FEs, pop size = 30, D = 20 over 50 runs
1.90630611e+03
1.90255016e+03
1.90303862e+03
1.90430846e+03
1.90719958e+03
1.90817771e+03
1.90342567e+03
1.90274144e+03
1.90230498e+03
1.90355399e+03
1.90383989e+03
1.90598391e+03
1.90344897e+03
1.90200515e+03
1.90629566e+03
1.90376156e+03
1.90230666e+03
1.90410877e+03
1.90329987e+03
1.90376708e+03
1.90618422e+03
1.90425865e+03
1.90393736e+03
1.90523998e+03
1.90577702e+03
1.90349585e+03
1.90597733e+03
1.90283898e+03
1.90340189e+03
1.90164503e+03
1.90277490e+03
1.91079449e+03
1.90420024e+03
1.90182166e+03
1.90838448e+03
1.90275106e+03
1.90583103e+03
1.90527375e+03
1.90332341e+03
1.90318518e+03
1.90770863e+03
1.90725984e+03
1.90289149e+03
1.90239145e+03
1.90314820e+03
1.90249530e+03
1.90300755e+03
1.90436646e+03
1.90363018e+03
1.90489007e+03
