Best values using 50000 FEs, pop size = 30, D = 20 over 50 runs
2.96433892e+03
2.91075143e+03
2.98924497e+03
2.96455171e+03
3.00463761e+03
2.96660436e+03
2.90320710e+03
2.99900133e+03
2.93134957e+03
2.97627294e+03
2.98944985e+03
2.91127984e+03
3.01668164e+03
2.90354666e+03
2.96536478e+03
2.91085091e+03
2.96543025e+03
2.94794705e+03
2.90000001e+03
2.96315211e+03
2.96321226e+03
2.96763574e+03
2.96239616e+03
2.96370019e+03
2.91407922e+03
2.97334768e+03
2.91401599e+03
2.99734481e+03
2.96100934e+03
2.91433030e+03
2.97609016e+03
2.91423437e+03
2.99743622e+03
2.96425609e+03
2.91388701e+03
3.00238529e+03
2.99580496e+03
2.91407640e+03
3.00556241e+03
2.90282819e+03
2.96829301e+03
2.96625183e+03
2.96122084e+03
3.01361344e+03
2.91423796e+03
2.96347240e+03
2.97127590e+03
2.91387841e+03
3.00577823e+03
2.99221583e+03
