Best values using 50000 FEs, pop size = 30, D = 20 over 50 runs
7.84238457e+02
7.86584766e+02
7.74432389e+02
8.13344069e+02
7.60278666e+02
8.06933964e+02
8.22782769e+02
7.74912703e+02
7.83166309e+02
7.77612697e+02
8.39185403e+02
7.92111956e+02
8.11711860e+02
7.88042389e+02
7.89074997e+02
7.95590735e+02
7.72631947e+02
7.90365762e+02
7.98570421e+02
7.66344707e+02
7.70178625e+02
7.80293070e+02
7.81562549e+02
7.95445389e+02
7.79816814e+02
7.70012820e+02
7.81587286e+02
7.76277397e+02
7.68310901e+02
8.01762687e+02
7.52045308e+02
7.72063591e+02
7.85054634e+02
7.73862906e+02
8.08374357e+02
7.88442088e+02
7.83182832e+02
7.71851748e+02
8.23037236e+02
7.76459877e+02
7.64445208e+02
8.11935328e+02
8.01681236e+02
7.82840600e+02
8.08352320e+02
7.76134277e+02
7.95483117e+02
7.72096433e+02
7.59009790e+02
7.56227110e+02
