Best values using 50000 FEs, pop size = 30, D = 20 over 50 runs
3.33721830e+03
2.76309249e+03
2.22290931e+03
3.12789046e+03
3.77044083e+03
2.16640484e+03
2.98009123e+03
4.54776161e+03
2.33583758e+03
2.07350551e+03
2.68368893e+03
2.19093537e+03
2.87471652e+03
2.43846469e+03
3.34515669e+03
2.41658066e+03
2.68679201e+03
2.06389015e+03
2.72819282e+03
1.68087728e+03
2.42634895e+03
2.43427623e+03
2.88841825e+03
2.65482309e+03
2.19205047e+03
2.27686071e+03
2.24033080e+03
4.45595049e+03
2.80957449e+03
2.93971596e+03
3.59274766e+03
2.73791089e+03
3.08851268e+03
4.19805224e+03
3.04668343e+03
3.18176571e+03
2.20934268e+03
2.47155666e+03
2.95779262e+03
1.90567271e+03
2.30376046e+03
2.12869119e+03
2.43113504e+03
3.38963791e+03
2.74109012e+03
2.16054489e+03
2.77770358e+03
2.82130152e+03
1.88540204e+03
2.47759447e+03
