Best values using 50000 FEs, pop size = 30, D = 20 over 50 runs
4.50460900e+04
4.86325210e+04
1.75257334e+04
7.78663603e+04
2.02778848e+04
6.06429725e+04
5.85189204e+04
2.92425374e+04
1.95485245e+05
1.04086805e+05
2.57793293e+04
2.11219311e+04
4.13450668e+04
1.19325495e+05
9.76313750e+04
6.59387102e+04
9.52726043e+04
1.34289416e+05
9.53273802e+04
2.75213768e+04
3.21920230e+04
5.21328186e+04
1.52651272e+05
5.80101862e+04
6.86040225e+04
5.81744604e+04
7.49035494e+04
7.92109921e+04
3.91544531e+04
1.31945154e+05
4.59503453e+04
4.35313706e+04
7.63372058e+04
5.42606361e+03
8.77852833e+04
2.66596360e+04
6.15633828e+04
5.87419714e+04
8.74140227e+04
1.14063039e+05
5.71210894e+04
8.09366810e+04
1.53333550e+04
1.74981774e+04
8.06421697e+04
5.65296580e+04
3.86067662e+04
1.84441475e+04
6.70231608e+04
9.09663601e+04
