Best values using 50000 FEs, pop size = 30, D = 20 over 50 runs
7.67951910e+03
1.03591929e+03
7.28681928e+03
6.56354959e+03
2.87598392e+03
3.53438043e+03
7.82185419e+03
8.87115953e+02
7.03249060e+03
1.68150591e+02
7.63393913e+02
6.09916155e+03
7.57438327e+03
1.45379671e+03
8.53710463e+03
1.50083169e+03
1.30212761e+02
3.51924551e+03
7.20971921e+02
2.13012744e+03
3.42851109e+03
2.97026576e+03
1.29740194e+03
9.27922973e+03
8.96210997e+03
4.71623832e+03
4.40602967e+02
7.25495555e+03
6.26515418e+03
5.50750770e+03
1.11655231e+02
2.44419894e+02
4.99160047e+03
7.83942908e+03
4.14828763e+03
6.53152503e+02
6.13974764e+03
2.80025366e+02
7.82004510e+03
5.22949084e+03
1.00018846e+02
7.17320557e+03
1.31728559e+02
6.06376030e+03
5.35551306e+03
9.33169164e+02
5.51099583e+02
5.49070819e+03
3.10720167e+03
3.75743189e+03
