Best values using 50000 FEs, pop size = 360, D = 20 over 50 runs
1.40762158e+03
1.19258027e+03
1.28106987e+03
1.36933967e+03
1.28292438e+03
1.43860494e+03
1.26629252e+03
1.33125442e+03
1.42372123e+03
1.41230867e+03
1.40898808e+03
1.26641460e+03
1.58312441e+03
1.36215139e+03
1.56570458e+03
1.39213406e+03
1.36937164e+03
1.59222085e+03
1.51213898e+03
1.23520340e+03
1.32631410e+03
1.24251162e+03
1.44873255e+03
1.34533027e+03
1.51953104e+03
1.24498649e+03
1.32822425e+03
1.53388161e+03
1.32246041e+03
1.34015389e+03
1.25085094e+03
1.28791418e+03
1.48829407e+03
1.44597787e+03
1.36420016e+03
1.25270139e+03
1.43351853e+03
1.43068836e+03
1.46652382e+03
1.23412360e+03
1.39905916e+03
1.39445849e+03
1.31071482e+03
1.21019685e+03
1.46500681e+03
1.17095063e+03
1.34810411e+03
1.41550528e+03
1.48221699e+03
1.55642719e+03
