Best values using 50000 FEs, pop size = 360, D = 20 over 50 runs
2.80871745e+03
2.80849672e+03
2.80501952e+03
2.80376417e+03
2.80412337e+03
2.80732673e+03
2.80527688e+03
2.80497899e+03
2.80895725e+03
2.80830746e+03
2.81244321e+03
2.80870716e+03
2.80993931e+03
2.80373648e+03
2.80489967e+03
2.80796911e+03
2.80925193e+03
2.80513547e+03
2.80790150e+03
2.80762140e+03
2.80384196e+03
2.80631162e+03
2.80525236e+03
2.80987866e+03
2.80917838e+03
2.81043378e+03
2.80828037e+03
2.80878395e+03
2.80900350e+03
2.80708492e+03
2.81523349e+03
2.80566602e+03
2.80757653e+03
2.80501375e+03
2.80630002e+03
2.80446562e+03
2.81013735e+03
2.80609084e+03
2.81018280e+03
2.80909685e+03
2.81079475e+03
2.80766954e+03
2.80466893e+03
2.80347175e+03
2.80641827e+03
2.81142819e+03
2.80674646e+03
2.80760152e+03
2.80942505e+03
2.81634677e+03
