Best values using 50000 FEs, pop size = 360, D = 20 over 50 runs
1.90180987e+03
1.90122435e+03
1.90168873e+03
1.90159207e+03
1.90160507e+03
1.90172567e+03
1.90145788e+03
1.90171424e+03
1.90164923e+03
1.90184497e+03
1.90124198e+03
1.90198827e+03
1.90165749e+03
1.90168100e+03
1.90137184e+03
1.90137047e+03
1.90164742e+03
1.90145505e+03
1.90178667e+03
1.90143288e+03
1.90176854e+03
1.90165937e+03
1.90122005e+03
1.90182890e+03
1.90213616e+03
1.90135432e+03
1.90132419e+03
1.90168431e+03
1.90149715e+03
1.90187274e+03
1.90154363e+03
1.90107340e+03
1.90147176e+03
1.90165461e+03
1.90173977e+03
1.90161095e+03
1.90149030e+03
1.90126240e+03
1.90157391e+03
1.90144504e+03
1.90123201e+03
1.90180960e+03
1.90149129e+03
1.90121173e+03
1.90177281e+03
1.90202126e+03
1.90157368e+03
1.90138911e+03
1.90131677e+03
1.90169142e+03
