Best values using 50000 FEs, pop size = 360, D = 20 over 50 runs
2.04910248e+03
2.04910248e+03
2.04910248e+03
2.04910248e+03
2.04910248e+03
2.04910248e+03
2.04910248e+03
2.04910248e+03
2.04910248e+03
2.04910248e+03
2.04910248e+03
2.04910248e+03
2.04910248e+03
2.04910248e+03
2.04910248e+03
2.04910248e+03
2.04910248e+03
2.04910248e+03
2.04910248e+03
2.04910248e+03
2.04910248e+03
2.04910248e+03
2.04910248e+03
2.04910248e+03
2.04910248e+03
2.04910248e+03
2.04910248e+03
2.04910248e+03
2.04910248e+03
2.04910248e+03
2.04910248e+03
2.04910248e+03
2.04910248e+03
2.04910248e+03
2.04910248e+03
2.04910248e+03
2.04910248e+03
2.04910248e+03
2.04910248e+03
2.04910248e+03
2.04910248e+03
2.04910248e+03
2.04910248e+03
2.04910248e+03
2.04910248e+03
2.04910248e+03
2.04910248e+03
2.04910248e+03
2.04910248e+03
2.04910248e+03
