Best values using 50000 FEs, pop size = 360, D = 20 over 50 runs
1.00000000e+02
1.00000000e+02
1.00000000e+02
1.00000000e+02
1.00000000e+02
1.00000000e+02
1.00000000e+02
1.00000000e+02
1.00000000e+02
1.00000000e+02
1.00000000e+02
1.00000000e+02
1.00000000e+02
1.00000000e+02
1.00000000e+02
1.00000000e+02
1.00000000e+02
1.00000000e+02
1.00000000e+02
1.00000000e+02
1.00000000e+02
1.00000000e+02
1.00000000e+02
1.00000000e+02
1.00000000e+02
1.00000000e+02
1.00000000e+02
1.00000000e+02
1.00000000e+02
1.00000000e+02
1.00000000e+02
1.00000000e+02
1.00000000e+02
1.00000000e+02
1.00000000e+02
1.00000000e+02
1.00000000e+02
1.00000000e+02
1.00000000e+02
1.00000000e+02
1.00000000e+02
1.00000000e+02
1.00000000e+02
1.00000000e+02
1.00000000e+02
1.00000000e+02
1.00000000e+02
1.00000000e+02
1.00000000e+02
1.00000000e+02
