Best values using 50000 FEs, pop size = 360, D = 20 over 50 runs
1.85144777e+03
1.77479808e+03
1.80846539e+03
1.85262589e+03
1.74479545e+03
1.91246548e+03
1.89720893e+03
1.88162200e+03
1.99750414e+03
1.87127790e+03
1.87561193e+03
1.84978238e+03
1.83586589e+03
2.00382527e+03
1.86489756e+03
1.80821250e+03
1.89948215e+03
1.90338690e+03
2.01075907e+03
1.78069948e+03
1.87817084e+03
1.85801411e+03
1.88363017e+03
1.90960301e+03
1.85394187e+03
1.84521187e+03
1.97017969e+03
1.78610896e+03
2.01311721e+03
1.86975393e+03
1.76758628e+03
1.97921764e+03
1.78182919e+03
1.86086863e+03
1.91410377e+03
1.87145414e+03
2.06225377e+03
1.74743458e+03
1.86928889e+03
1.92989503e+03
1.73036497e+03
1.99138423e+03
1.76775382e+03
2.03101479e+03
1.78517498e+03
1.80703103e+03
2.01917992e+03
1.88012565e+03
1.88838527e+03
1.73367653e+03
