Best values using 50000 FEs, pop size = 360, D = 20 over 50 runs
2.91365844e+03
2.91365734e+03
2.91365734e+03
2.91365734e+03
2.91371311e+03
2.91365734e+03
2.91367365e+03
2.91367556e+03
2.91367435e+03
2.91365734e+03
2.91366939e+03
2.91367187e+03
2.91368010e+03
2.91367230e+03
2.91369044e+03
2.91365734e+03
2.91365734e+03
2.91365844e+03
2.91367849e+03
2.91365734e+03
2.91365734e+03
2.91365734e+03
2.91367452e+03
2.91367187e+03
2.91367435e+03
2.91369793e+03
2.91367556e+03
2.91365844e+03
2.91365734e+03
2.91365844e+03
2.91365734e+03
2.91365844e+03
2.91367365e+03
2.91367849e+03
2.91368988e+03
2.91365734e+03
2.91376380e+03
2.91367026e+03
2.91365734e+03
2.91365844e+03
2.91367365e+03
2.91365734e+03
2.91365844e+03
2.91367230e+03
2.91366939e+03
2.91367435e+03
2.91369181e+03
2.91365844e+03
2.91365844e+03
2.91367365e+03
