Best values using 50000 FEs, pop size = 360, D = 20 over 50 runs
7.27317016e+02
7.24860271e+02
7.25762024e+02
7.25929838e+02
7.27022102e+02
7.26030244e+02
7.28325605e+02
7.28641684e+02
7.30846767e+02
7.28995139e+02
7.27417477e+02
7.26655357e+02
7.25969984e+02
7.30008220e+02
7.27627180e+02
7.24498890e+02
7.29143041e+02
7.29991393e+02
7.29355785e+02
7.26364105e+02
7.27884089e+02
7.26550628e+02
7.29356856e+02
7.24771787e+02
7.25273267e+02
7.26051052e+02
7.25304253e+02
7.26002751e+02
7.26787775e+02
7.25920020e+02
7.25912677e+02
7.26030520e+02
7.29276218e+02
7.25648710e+02
7.32348905e+02
7.27600300e+02
7.27461792e+02
7.26593088e+02
7.28132231e+02
7.32070222e+02
7.26599836e+02
7.25953609e+02
7.26454729e+02
7.31351475e+02
7.28790981e+02
7.27935028e+02
7.28204430e+02
7.25535509e+02
7.28653704e+02
7.27331235e+02
