Best values using 50000 FEs, pop size = 360, D = 20 over 50 runs
2.10487478e+03
2.11510928e+03
2.12651556e+03
2.23837788e+03
2.12545387e+03
2.16068269e+03
2.13675107e+03
2.14842443e+03
2.12006093e+03
2.11462019e+03
2.10657116e+03
2.14279158e+03
2.12193795e+03
2.11086024e+03
2.12868568e+03
2.11873431e+03
2.23639581e+03
2.25741669e+03
2.23854227e+03
2.31174768e+03
2.14442110e+03
2.11940155e+03
2.23110950e+03
2.27896945e+03
2.13226644e+03
2.10570470e+03
2.27515181e+03
2.16831651e+03
2.12732876e+03
2.13427513e+03
2.13868289e+03
2.13920005e+03
2.12169048e+03
2.12068483e+03
2.11123851e+03
2.11980149e+03
2.15398135e+03
2.12025907e+03
2.14609475e+03
2.23670472e+03
2.14436062e+03
2.12896793e+03
2.26961526e+03
2.20777472e+03
2.12034860e+03
2.11523651e+03
2.11863997e+03
2.13435872e+03
2.11286903e+03
2.10347619e+03
