Best values using 50000 FEs, pop size = 30, D = 20 over 50 runs
6.62835489e+05
1.25751609e+06
1.13890570e+06
1.68136338e+06
9.30820394e+05
8.88994668e+05
9.90301192e+05
3.77960568e+05
5.63251588e+05
1.35389173e+06
1.10139955e+06
1.89780915e+05
2.27944731e+06
2.41709627e+06
6.39467979e+05
4.37918415e+05
1.61841101e+06
4.72437410e+05
1.93895596e+06
3.98337700e+05
1.61913877e+06
2.82996629e+06
5.70632312e+05
1.82215449e+06
1.87634067e+06
1.86990342e+06
9.87712933e+05
7.91543743e+05
3.36480943e+06
2.43993185e+06
1.14042330e+06
1.32120717e+05
4.54017605e+05
6.29539056e+05
2.88854636e+06
7.83232530e+05
1.05630665e+06
1.36097565e+06
3.45510425e+05
1.25185826e+06
1.74970919e+05
2.56375359e+06
1.75396933e+06
2.54500209e+06
1.54659054e+05
4.84649925e+05
3.30394882e+05
2.19257802e+06
2.07328430e+06
1.66308723e+05
