Best values using 50000 FEs, pop size = 30, D = 20 over 50 runs
1.91455782e+03
1.91368799e+03
1.91282212e+03
1.91293372e+03
1.91196430e+03
1.91300349e+03
1.91267604e+03
1.91550397e+03
1.91498174e+03
1.91497652e+03
1.91337068e+03
1.91294246e+03
1.91573690e+03
1.91445347e+03
1.91578126e+03
1.91441054e+03
1.91551775e+03
1.91252192e+03
1.91503772e+03
1.91489325e+03
1.91284381e+03
1.91432410e+03
1.91508235e+03
1.91439906e+03
1.91205276e+03
1.91249953e+03
1.91352462e+03
1.91783317e+03
1.91459743e+03
1.91427351e+03
1.91483162e+03
1.91440809e+03
1.91541509e+03
1.91400968e+03
1.91447250e+03
1.91199334e+03
1.91681095e+03
1.91118923e+03
1.91612688e+03
1.91358550e+03
1.90995876e+03
1.91446438e+03
1.91487543e+03
1.91415324e+03
1.91534776e+03
1.91602218e+03
1.91316244e+03
1.91442260e+03
1.91694143e+03
1.91464194e+03
