Best values using 50000 FEs, pop size = 30, D = 20 over 50 runs
2.54285748e+03
2.48828838e+03
2.55725214e+03
2.62491642e+03
7.01483432e+03
2.51260806e+03
2.51608721e+03
2.44324395e+03
2.48422974e+03
6.74223775e+03
2.48946103e+03
2.57980555e+03
2.48020639e+03
6.18963766e+03
6.55338855e+03
6.73832158e+03
6.13135241e+03
2.56889896e+03
2.58372766e+03
6.74728585e+03
7.04556120e+03
6.56923792e+03
6.75311200e+03
2.49516489e+03
2.59335918e+03
6.58112124e+03
2.46366817e+03
2.49573854e+03
6.86740214e+03
6.53811241e+03
2.42644178e+03
2.71912002e+03
2.54962852e+03
2.59560302e+03
5.88829666e+03
6.58322450e+03
6.72283832e+03
2.53638663e+03
2.53435484e+03
2.52127581e+03
2.58667126e+03
7.08600520e+03
2.50065957e+03
2.44523489e+03
6.28891207e+03
6.92392014e+03
2.52506066e+03
2.61657283e+03
6.81588118e+03
2.52245087e+03
