Best values using 50000 FEs, pop size = 30, D = 20 over 50 runs
1.73909265e+03
1.73909265e+03
1.73909265e+03
1.73909265e+03
1.73909265e+03
1.73909265e+03
1.73909265e+03
1.73909265e+03
1.73909265e+03
1.73909265e+03
1.73909265e+03
1.73909265e+03
1.73909265e+03
1.73909265e+03
1.73909265e+03
1.73909265e+03
1.73909265e+03
1.73909265e+03
1.73909265e+03
1.73909265e+03
1.73909265e+03
1.73909265e+03
1.73909265e+03
1.73909265e+03
1.73909265e+03
1.73909265e+03
1.73909265e+03
1.73909265e+03
1.73909265e+03
1.73909265e+03
1.73909265e+03
1.73909265e+03
1.73909265e+03
1.73909265e+03
1.73909265e+03
1.73909265e+03
1.73909265e+03
1.73909265e+03
1.73909265e+03
1.73909265e+03
1.73909265e+03
1.73909265e+03
1.73909265e+03
1.73909265e+03
1.73909265e+03
1.73909265e+03
1.73909265e+03
1.73909265e+03
1.73909265e+03
1.73909265e+03
