Best values using 50000 FEs, pop size = 30, D = 20 over 50 runs
4.54183733e+03
4.45385464e+03
4.75587460e+03
5.01772453e+03
5.28647609e+03
5.11780139e+03
4.91495124e+03
4.81264237e+03
4.84676773e+03
4.16160856e+03
4.90349302e+03
5.02322178e+03
5.21775850e+03
5.02664770e+03
5.09596000e+03
5.38712953e+03
5.01177568e+03
4.98672324e+03
4.00878207e+03
5.11429119e+03
5.61384394e+03
5.07438704e+03
5.48876545e+03
5.21784158e+03
5.02946144e+03
4.83678997e+03
5.07026130e+03
4.85624869e+03
5.30970860e+03
4.46757568e+03
4.89868660e+03
4.42749241e+03
4.60736637e+03
4.80374715e+03
4.65629417e+03
4.95660751e+03
4.80519849e+03
4.11977727e+03
5.12779698e+03
5.11760707e+03
5.02889824e+03
4.80721532e+03
4.94670212e+03
5.01612947e+03
4.03721922e+03
4.42387887e+03
4.64557402e+03
5.10276108e+03
4.71660135e+03
4.57654057e+03
