Best values using 50000 FEs, pop size = 30, D = 20 over 50 runs
2.94785434e+03
2.92949774e+03
2.92747522e+03
2.93095149e+03
2.93544923e+03
2.94558548e+03
2.96447044e+03
2.93775578e+03
2.92622818e+03
2.93783962e+03
2.92732679e+03
2.93729484e+03
2.93724751e+03
2.93162593e+03
2.94728629e+03
2.93376683e+03
2.94669079e+03
2.94269152e+03
2.93241653e+03
2.95393082e+03
2.95374083e+03
2.92707899e+03
2.90832483e+03
2.93164776e+03
2.95082844e+03
2.92833901e+03
2.92089793e+03
2.93998108e+03
2.93650898e+03
2.92456482e+03
2.92747753e+03
2.91937037e+03
2.94032417e+03
2.95093909e+03
2.94736004e+03
2.93707891e+03
2.92796519e+03
2.92926728e+03
2.93333701e+03
2.93080510e+03
2.95935787e+03
2.94014622e+03
2.95227113e+03
2.93927240e+03
2.94406166e+03
2.92763934e+03
2.94432820e+03
2.94268198e+03
2.93017697e+03
2.92545460e+03
