Best values using 50000 FEs, pop size = 30, D = 20 over 50 runs
8.73260429e+02
9.06682934e+02
9.40026517e+02
8.74229539e+02
9.07096664e+02
8.91884379e+02
8.81027278e+02
9.39606124e+02
8.87172630e+02
8.92365146e+02
8.85625175e+02
9.12236326e+02
9.11518566e+02
8.87509661e+02
8.87845497e+02
8.74461832e+02
8.88990779e+02
8.79677101e+02
9.12491775e+02
9.07187604e+02
8.88266331e+02
8.66828477e+02
8.60839697e+02
8.78272133e+02
8.82962605e+02
9.08475497e+02
9.06585863e+02
8.99066730e+02
8.99972115e+02
8.72577843e+02
8.63884957e+02
8.74446687e+02
8.80581706e+02
8.80058765e+02
8.82286692e+02
8.82431499e+02
9.09035480e+02
9.11877067e+02
8.90951701e+02
8.92931655e+02
8.89774836e+02
9.28108322e+02
8.85339945e+02
9.16780648e+02
8.82141101e+02
8.63856988e+02
8.85614552e+02
8.79494623e+02
9.07006374e+02
8.95970032e+02
