Best values using 50000 FEs, pop size = 30, D = 20 over 50 runs
2.99819213e+03
2.97860581e+03
2.99731549e+03
3.05489732e+03
2.99425341e+03
3.04582233e+03
2.98352234e+03
3.03949857e+03
2.97579690e+03
3.05975812e+03
3.10401806e+03
3.02607098e+03
2.97772672e+03
3.08258135e+03
3.01930529e+03
3.10219052e+03
2.99324250e+03
3.01273105e+03
2.98764624e+03
3.00736614e+03
2.99553955e+03
2.99718440e+03
3.03545527e+03
3.22565405e+03
3.01676852e+03
2.98703730e+03
3.03659096e+03
3.00142919e+03
3.02090424e+03
3.01335629e+03
2.97509318e+03
3.05232647e+03
3.01756717e+03
3.02829485e+03
3.01489321e+03
3.01623088e+03
3.02655626e+03
3.03887819e+03
3.06045999e+03
3.01595273e+03
2.97707463e+03
3.04887354e+03
2.96872154e+03
3.05517946e+03
3.08442893e+03
3.08605575e+03
2.98954715e+03
3.01241370e+03
3.05341789e+03
3.09031399e+03
