Best values using 50000 FEs, pop size = 30, D = 20 over 50 runs
3.84148233e+05
4.20964398e+05
3.64731724e+05
4.70789092e+05
2.01720804e+05
1.17442759e+06
2.30252784e+05
1.00217440e+06
2.76928817e+05
2.90186385e+05
1.77871230e+05
3.71556421e+05
2.12300749e+05
2.24338778e+05
3.01178840e+05
2.37896210e+05
2.79924719e+05
7.43546226e+05
1.34193290e+05
2.67668156e+05
2.67750666e+05
2.47091992e+05
3.93006692e+05
3.33811921e+05
2.15949520e+05
9.86538398e+05
2.72215229e+05
5.38838387e+05
4.13885856e+05
6.08640582e+05
3.90661935e+05
4.10870133e+05
1.42550203e+06
3.11124623e+05
4.88508792e+05
1.45929856e+06
3.74828381e+05
3.05436115e+05
3.17275336e+05
5.02682930e+05
2.94444601e+05
5.82943486e+05
8.09973492e+05
8.17264356e+05
2.75505564e+05
9.81048817e+05
7.10290043e+05
2.18888107e+05
2.17236622e+05
1.29166730e+05
