Best values using 50000 FEs, pop size = 30, D = 20 over 50 runs
2.24096171e+09
2.50305789e+09
2.09948445e+09
2.29033311e+09
1.99537702e+09
2.14276660e+09
2.87420608e+09
2.22680991e+09
1.95086668e+09
2.15418873e+09
1.59102551e+09
2.46987751e+09
1.92428964e+09
1.60387069e+09
3.35664492e+09
2.44021884e+09
2.16943967e+09
1.77380875e+09
3.82616537e+09
2.10161695e+09
1.91716252e+09
2.99689164e+09
2.65672201e+09
1.87589481e+09
2.81880275e+09
1.42942933e+09
2.70000737e+09
2.59360838e+09
2.35655591e+09
1.77644669e+09
2.01029704e+09
2.82937735e+09
2.01262025e+09
2.87184350e+09
1.82156174e+09
1.87313935e+09
2.48181689e+09
2.03559487e+09
2.31180958e+09
1.74265692e+09
2.30921936e+09
3.31474548e+09
1.87084013e+09
1.93451564e+09
2.26763605e+09
2.58508252e+09
1.87857564e+09
2.83040326e+09
1.92694498e+09
2.46260335e+09
